0.021
0.021
0.021
0.021
0.021
0.021
0.021
0.021
0.021
0.021
0.021
0.021
0.021
0.021
0.021
0.021
0.021
0.021
0.021
0.021
0.021
0.021
0.021
0.021
0.021
0.021
0.021
0.021
0.021
0.027
0.121
0.326
0.562
0.761
0.916
1.635
5.687
12.609
15.086
15.914
16.560
16.987
17.511
17.963
18.281
18.313
18.458
18.633
18.745
18.706
18.346
18.187
17.670
15.895
13.838
12.336
9.945
7.808
7.188
9.146
9.853
6.663
8.086
8.816
10.963
10.567
10.407
9.205
9.595
9.962
10.666
10.158
10.621
9.636
9.487
7.695
3.916
1.313
0.556
0.305
0.172
0.123
0.091
0.057
0.023
0.021
0.021
0.021
0.021
0.021
0.021
0.021
0.021
0.021
0.021
0.036
0.021
0.021
0.021
0.021
0.022
0.021
0.021
0.021
0.021
0.021
0.021
0.021
0.021
0.022
0.021
0.021
0.021
0.021
0.021
0.021
0.022
0.022
0.022
0.022
0.022
0.022
0.030
0.038
0.050
0.106
0.231
0.400
0.798
1.242
1.954
5.575
7.599
9.008
11.490
12.398
14.204
14.667
15.646
16.574
16.613
16.751
17.371
17.481
17.705
17.869
17.532
16.370
16.939
17.747
17.885
17.911
17.510
16.803
15.765
14.524
11.219
10.960
11.401
9.301
9.927
9.198
9.877
10.423
8.992
7.972
8.958
9.489
8.345
7.569
7.799
5.385
4.406
2.369
1.122
0.709
0.424
0.273
0.195
0.088
0.026
0.021
0.021
0.021
0.021
0.021
0.021
0.021
0.021
0.021
0.021
0.021
0.021
