11.753
11.710
11.494
10.660
10.415
9.890
9.535
9.106
8.766
9.180
8.306
11.742
8.013
7.822
7.900
7.762
7.533
7.333
7.338
7.720
7.298
7.282
7.315
7.330
7.223
7.311
7.266
7.477
7.299
7.340
6.843
5.788
5.486
5.633
5.722
5.572
6.128
6.074
6.156
6.762
7.185
6.756
6.855
6.752
6.844
6.894
6.925
6.991
7.840
7.635
8.173
8.178
8.242
8.485
8.278
8.338
8.567
7.997
7.853
7.410
7.202
7.432
7.733
7.637
7.518
7.338
7.688
8.369
8.408
8.000
7.492
8.000
7.558
7.698
8.163
7.577
7.415
7.725
8.023
7.890
8.255
8.650
8.885
15.521
9.839
11.946
12.704
12.984
13.418
13.238
13.133
12.839
12.237
12.362
11.963
11.763
11.427
10.785
10.848
10.496
10.395
9.743
9.422
9.114
8.583
8.408
8.335
8.117
8.086
11.491
7.735
7.841
7.770
7.727
7.581
7.840
7.572
8.440
7.654
7.735
7.623
7.780
7.666
8.029
8.001
8.291
8.907
8.023
7.294
6.828
6.947
14.230
19.466
19.654
13.575
11.800
11.076
9.299
8.792
9.613
9.074
9.057
7.957
7.339
7.922
8.114
8.529
7.282
8.397
8.493
10.589
10.935
9.404
8.821
6.252
7.791
8.386
7.532
7.481
7.739
9.982
10.490
7.798
5.376
7.583
6.170
7.005
7.003
7.927
7.202
6.918
6.314
5.997
6.550
6.702
8.876
8.574
8.014
8.348
12.803
11.020
12.857
14.247
13.615
13.988
12.966
13.071
12.549
11.889
12.457
12.710
12.539

