10.999
12.648
10.881
10.000
9.247
9.622
8.926
8.646
8.416
8.268
8.082
8.021
7.864
7.855
7.854
7.755
7.628
7.625
7.681
7.557
7.650
7.608
7.601
7.728
7.807
7.865
7.967
8.161
8.242
7.642
6.785
6.545
6.617
6.783
7.015
8.359
8.526
8.864
8.416
8.215
8.174
8.304
8.281
8.544
8.844
9.227
9.184
9.416
9.739
9.654
9.571
9.357
9.959
9.765
9.888
9.621
9.577
9.854
9.556
9.206
9.399
9.184
9.211
8.667
8.933
8.648
8.795
9.110
8.891
8.874
8.633
9.047
8.787
9.002
9.167
9.901
10.262
13.424
16.836
14.836
14.450
14.515
14.404
14.724
14.505
13.979
13.933
13.511
13.450
13.047
13.262
12.737
12.534
12.324
11.834
11.747
10.933
11.850
10.853
9.605
8.614
8.324
8.001
7.790
7.641
7.364
7.285
7.128
7.029
6.908
6.832
6.810
6.694
6.701
6.708
6.607
6.566
6.614
6.532
6.527
6.526
6.599
6.550
6.600
6.942
6.966
6.975
6.308
5.589
5.944
6.444
5.962
5.858
6.270
5.433
5.668
4.869
4.875
4.921
4.791
4.743
4.318
4.479
4.483
4.720
5.109
5.503
5.290
5.776
5.684
5.622
5.923
5.736
5.382
5.488
5.452
5.386
5.327
5.982
6.226
6.278
6.234
6.484
6.702
6.845
7.608
7.528
7.961
8.607
9.278
9.841
10.784
12.855
14.259
13.962
14.584
14.864
14.848
14.855
14.849
14.487
14.466
14.325
14.002
13.979
13.452
13.077
12.719
12.586
11.820
11.498
11.198

