0.028
0.028
0.028
0.028
0.028
0.028
0.028
0.028
0.028
0.028
0.028
0.028
0.028
0.028
0.028
0.028
0.028
0.028
0.028
0.028
0.028
0.028
0.028
0.028
0.028
0.028
0.028
0.028
0.028
0.030
0.039
0.052
0.112
0.240
0.322
1.875
7.752
9.226
12.219
13.332
13.282
14.101
14.380
14.095
14.646
14.600
14.708
14.702
14.622
14.448
14.776
14.459
14.147
14.225
13.902
14.107
14.204
13.785
13.792
13.511
13.635
13.675
13.451
12.962
12.122
11.440
11.352
11.632
11.308
10.904
9.943
8.527
7.220
5.603
2.420
0.549
0.037
0.027
0.028
0.028
0.028
0.028
0.028
0.028
0.029
0.028
0.029
0.028
0.029
0.029
0.029
0.029
0.029
0.029
0.029
0.029
0.019
0.019
0.019
0.018
0.018
0.018
0.018
0.018
0.018
0.018
0.018
0.018
0.018
0.018
0.018
0.018
0.018
0.018
0.018
0.018
0.018
0.018
0.018
0.018
0.018
0.018
0.018
0.018
0.018
0.034
0.094
0.185
0.282
0.374
0.443
5.405
13.335
14.933
16.618
17.287
18.243
18.993
19.264
19.703
19.773
19.926
20.064
20.190
20.202
20.198
19.872
20.307
20.244
20.257
20.180
20.181
20.142
19.699
19.079
19.019
18.476
18.430
16.815
15.728
16.672
15.106
14.101
14.390
14.300
13.595
13.322
12.768
12.137
10.788
8.151
3.100
0.253
0.018
0.018
0.019
0.019
0.019
0.019
0.019
0.019
0.019
0.019
0.019
0.019
0.019
0.019
0.019
0.019
0.019
0.019
0.019
0.019
